
16
3
1 0 1
1 0 1
1 0 1
1 0 1
0 1 0 1
2 0
4
2 2 2 2
2 2 2 2
3 3 3 3
1 1 1 1
2 2 2 2
2 2
4
2 3 4 3
2 3 4 3
1 1 0 1
1 1 0 1
4 3 4 1
2 4
5
2 3 1 2 1
1 2 3 2 1
4 4 2 4 2
2 3 3 3 2
3 2 1 3
2 2
4
0 0 0 0
0 0 0 0
0 0 0 0
0 0 0 0
0 0 0 0
0 0
18
0 0 0 0 0 0 0 4 4 4 4 0 0 0 0 0 0 0
0 0 0 0 0 0 0 4 4 4 4 0 0 0 0 0 0 0
0 0 0 0 0 0 0 2 2 2 2 0 0 0 0 0 0 0
0 0 0 0 0 0 0 2 2 2 2 0 0 0 0 0 0 0
4 4 4 4
4 4
20
20 20 20 20 20 20 20 20 20 20 20 20 20 20 20 20 20 20 20 20
20 20 20 20 20 20 20 20 20 20 20 20 20 20 20 20 20 20 20 20
0 0 0 0 0 0 0 0 0 0 0 0 0 0 0 0 0 0 0 0 
0 0 0 0 0 0 0 0 0 0 0 0 0 0 0 0 0 0 0 0 
100 100 100 100
20 20
9
9 5 9 5 9 5 9 5 9
9 5 9 5 9 5 9 5 9
0 8 0 8 0 8 0 8 0
0 8 0 8 0 8 0 8 0
16 12 16 21
5 5
13
9 9 9 9 8 9 9 9 9 0 0 0 0
9 3 6 0 4 3 7 3 9 9 9 9 9
6 8 4 8 2 8 4 8 4 0 0 0 0
1 6 7 0 8 5 4 5 1 1 1 1 1
37 16 9 18
2 5
13
13 10 13 11 13 12 10 13 13 13 13 13 12
13 11 13 12 12 12 13 11 13 11 13 13 12
0 4 0 4 0 2 5 0 0 0 0 0 2
0 4 0 1 2 2 0 4 0 4 0 0 2
39 33 40 47
13 13
7
3 6 2 5 1 1 6
2 4 5 3 2 4 4
2 2 4 3 1 1 1
3 4 2 2 3 3 4
5 6 5 8
2 2
12
1 1 2 1 0 0 2 1 1 3 2 0
1 1 1 0 0 0 2 0 2 2 4 1
2 2 1 2 0 0 4 2 2 5 4 0
2 2 2 0 0 0 3 0 4 4 4 2
5 0 3 6
1 2
9
5 5 5 5 4 5 5 5 5
9 3 6 0 4 3 7 3 9
6 8 4 8 2 8 4 8 4
0 5 6 0 8 5 3 5 0
12 8 10 14
2 3
3
3 1 0
1 2 1
0 2 0
1 1 1
2 1 0 1
2 2
9
6 6 6 6 6 9 9 9 9
9 4 9 9 9 4 9 4 9
6 6 6 6 6 0 0 0 0
0 1 0 0 0 1 0 1 0
12 12 19 23
8 7
13
4 7 4 7 4 7 4 7 4 7 4 7 13 
13 4 1 4 13 4 1 4 13 4 1 4 13 
6 6 6 6 6 6 6 6 6 6 6 6 0 
0 7 1 5 0 7 1 5 0 7 1 5 0 
16 17 22 24 
10 4 


3
3
1 0 1 
1 0 1 
1 0 1 
1 0 1 
0 1 0 1 
2 0 
4
2 2 2 2
2 2 2 2
3 3 3 3
1 1 1 1
2 2 2 2
2 2
4
2 3 4 3 
2 3 4 3 
1 1 0 1 
1 1 0 1 
4 3 4 1 
2 4
// default



1
12
1 1 2 1 0 0 2 1 1 3 2 0
1 1 1 0 0 0 2 0 2 2 4 1
2 2 1 2 0 0 4 2 2 5 4 0
2 2 2 0 0 0 3 0 4 4 4 2
5 0 3 6
1 2
// test 5



1
13
9 9 9 9 8 9 9 9 9 0 0 0 0
9 3 6 0 4 3 7 3 9 9 9 9 9
6 8 4 8 2 8 4 8 4 0 0 0 0
1 6 7 0 8 5 4 5 1 1 1 1 1
37 16 9 18
2 5
// test 2

=========== passa completamente bem =========================

1
7
3 6 2 5 1 1 6
2 4 5 3 2 4 4
2 2 4 3 1 1 1
3 4 2 2 3 3 4
5 6 5 8
2 2
// test 4



1
13
13 10 13 11 13 12 10 13 13 13 13 13 12
13 11 13 12 12 12 13 11 13 11 13 13 12
0 4 0 4 0 2 5 0 0 0 0 0 2
0 4 0 1 2 2 0 4 0 4 0 0 2
39 33 40 47
13 13
// test 3


1
9
9 5 9 5 9 5 9 5 9
9 5 9 5 9 5 9 5 9
0 8 0 8 0 8 0 8 0
0 8 0 8 0 8 0 8 0
16 12 16 21
5 5
// test 1

+---------+	
|# #  # ##|	
|# # # # #|	
|##   ## #|	
|# # # # #|	
|#     ###|	
|# # # # #|	
|##   # ##|	
|# # # # #|	
|###   # #|	
+---------+